8
60
82
88
81
76
33
10
43
60
83
16
87
92
5
86
49
20
96
19
69
3
68
77
18
7
89
78
54
96
30
81
64
13
50
60
13
55
56
88
95
33
43
10
64
56
93
17
61
7
7
55
11
90
30
92
16
88
1
52
29
33
33
82
48
15
27
16
2
5
83
65
57
76
14
13
74
11
77
84
8
27
43
18
73
60
8
81
34
76
70
45
58
21
35
92
62
3
75
40
79
64
26
36
68
28
41
13
55
68
72
61
35
64
30
66
51
14
16
80
45
99
11
33
64
53
40
82
2
38
41
15
3
38
81
100
11
16
43
67
76
48
48
75
72
31
88
82
11
100
20
95
75
87
81
81
82
5
51
73
45
52
54
61
92
33
48
100
55
34
70
72
36
54
59
75
83
2
78
32
35
53
92
73
80
38
31
27
84
57
19
64
85
7
69
54
25
52
20
58
100
85
8
44
81
48
44
29
5
42
8
36
22
53
38
63
62
85
61
34
78
55
42
58
46
49
24
100
93
53
34
60
21
86
20
48
42
77
19
49
16
6
9
1
60
82
60
27
84
5
44
5
2
94
63
46
35
22
31
99
69
49
18
97
88
1
49
42
89
86
3
70
14
64
60
7
4
58
59
35
87
35
50
3
56
19
62
25
88
43
94
29
92
38
27
26
2
93
95
55
63
68
50
24
61
58
3
46
95
88
26
54
64
76
81
16
7
82
53
2
20
88
51
27
84
67
91
17
19
22
65
28
23
90
14
36
67
2
23
63
31
29
71
85
37
18
87
96
30
74
23
86
99
68
22
77
89
14
36
18
14
50
3
34
84
69
67
59
17
70
52
9
8
60
53
4
6
52
61
97
22
83
32
55
87
62
92
94
14
11
11
72
58
54
26
92
73
52
23
5
89
23
80
67
86
75
51
57
38
72
91
46
3
56
31
99
73
38
12
23
43
13
7
29
25
56
85
26
80
38
38
38
90
64
3
48
89
18
15
94
22
14
79
70
70
52
6
6
56
4
65
66
38
63
80
8
97
75
19
9
9
20
50
28
90
32
100
97
55
94
21
25
17
52
47
5
12
61
61
54
91
1
62
27
72
39
9
25
40
41
67
35
78
32
17
53
15
81
29
91
70
44
26
27
31
47
98
51
16
37
75
57
81
33
24
19
52
80
5
7
21
14
18
90
89
95
15
96
28
100
18
72
79
92
52
68
82
11
21
22
43
33
16
60
22
5
23
90
95
64
3
21
24
91
96
86
70
67
24
25
62
55
90
55
94
12
80
100
90
53
38
5
6
24
17
83
90
73
43
49
76
70
45
44
98
60
74
80
62
55
93
85
81
3
62
84
88
82
29
69
39
94
92
32
40
80
18
89
67
39
96
75
35
45
38
97
54
11
5
67
70
88
59
83
27
30
78
66
5
75
49
11
11
90
47
100
86
36
11
8
88
37
1
4
53
19
5
68
83
45
21
59
23
48
73
23
61
79
45
87
31
35
83
87
11
52
8
46
76
40
77
57
89
48
66
96
80
18
8
68
12
46
87
95
10
92
78
62
24
94
2
76
4
59
26
57
40
93
6
56
99
24
93
98
2
47
98
28
62
97
51
82
5
61
2
87
99
47
92
93
10
55
83
66
46
89
4
51
4
39
13
4
40
44
1
21
62
91
83
100
98
96
29
24
41
33
63
61
53
85
24
39
14
17
81
1
7
77
47
61
89
17
66
9
30
37
7
4
33
29
60
68
58
98
47
10
78
58
43
97
61
57
4
24
80
62
82
2
74
38
89
29
63
7
55
87
15
70
72
41
2
52
67
5
40
80
69
55
56
68
67
79
91
86
100
40
68
14
54
22
88
65
37
28
6
56
50
8
73
56
92
36
68
1
70
19
43
64
70
82
83
25
94
4
57
58
82
66
89
24
71
38
73
52
1
94
77
22
94
97
38
54
4
10
24
97
58
92
58
96
55
41
46
73
80
58
59
47
79
70
65
60
49
20
74
97
23
78
64
77
53
67
79
61
47
24
92
87
63
35
78
85
67
47
80
55
87
93
14
77
56
86
27
48
92
71
46
33
65
18
81
40
65
7
7
41
83
70
29
27
87
66
45
98
82
89
65
92
33
96
32
65
52
69
86
78
9
43
87
10
10
2
13
90
34
29
21
76
91
69
99
36
37
12
89
93
35
15
61
86
100
93
11
65
56
86
80
69
22
40
36
15
99
98
35
97
2
17
38
24
28
44
78
25
94
5
39
87
28
87
